4 483.315 21.2885 7.7499 4.99169
5 398.722 22.1241 7.76586 4.8765
6 405.725 22.0485 7.76627 4.9156
7 412.505 21.9765 7.75956 4.89691
8 437.998 21.7161 7.76544 4.94701
9 439.75 21.6987 7.76217 4.89081
10 453.671 21.5634 7.76124 4.9077
11 466.246 21.4447 7.76037 4.99658
12 692.042 19.7295 7.73935 5.47582
13 716.068 19.5813 7.74033 5.61786
14 726.695 19.5173 7.737 5.6765
15 720.059 19.5571 7.73716 5.67806
16 740.652 19.4347 7.73954 5.72423
17 729.262 19.502 7.73563 5.68084
18 739.703 19.4402 7.73138 5.70208
19 735.64 19.4642 7.72487 5.68169
20 753.57 19.3596 7.72706 5.71934
21 727.758 19.5109 7.71917 5.68127
22 718.689 19.5654 7.72264 5.68114
23 710.684 19.614 7.7174 5.67182
24 724.969 19.5276 7.72263 5.70838
25 708.997 19.6244 7.71865 5.65645
26 703.81 19.6563 7.71841 5.65654
27 697.59 19.6948 7.71413 5.64187
28 705.738 19.6444 7.72031 5.67149
29 682.011 19.7929 7.71495 5.62021
30 677.73 19.8202 7.7125 5.61447
31 667.111 19.8888 7.7125 5.57499
32 682.307 19.791 7.71066 5.6074
33 670.833 19.8647 7.71032 5.54397
34 678.069 19.8181 7.7137 5.53624
35 665.051 19.9023 7.71364 5.49965
36 666.947 19.8899 7.71257 5.54943
37 641.35 20.0598 7.70526 5.46064
38 508.594 21.0671 7.72472 5.48462
39 519.931 20.9713 7.72246 5.51051
40 526.596 20.916 7.72719 5.54456
41 502.725 21.1175 7.72218 5.4801
42 494.15 21.1922 7.71983 5.48303
43 485.937 21.265 7.71801 5.45683
44 505.315 21.0952 7.71789 5.53439
45 507.136 21.0796 7.71314 5.49948
46 518.46 20.9837 7.71188 5.53262
47 521.221 20.9606 7.71048 5.52786
48 501.559 21.1276 7.71532 5.5414
49 479.061 21.3269 7.71019 5.49069
50 486.073 21.2638 7.70766 5.49156
51 468.993 21.4191 7.70537 5.44292
52 480.311 21.3156 7.70811 5.47965
53 477.572 21.3404 7.70107 5.42638
54 489.434 21.2339 7.69844 5.46967
55 482.649 21.2945 7.69616 5.47108
56 502.508 21.1194 7.69369 5.53564
57 484.585 21.2771 7.68793 5.49062
58 491.713 21.2137 7.68767 5.50903
59 484.937 21.2739 7.68369 5.4887
60 745.306 19.4075 7.68103 5.5558
61 734.421 19.4714 7.67443 5.49259
62 741.63 19.4289 7.6692 5.51702
63 750.052 19.3799 7.66044 5.50058
64 755.522 19.3483 7.6584 5.53371
65 770.511 19.263 7.64647 5.62387
66 768.54 19.2741 7.65474 5.66123
67 761.283 19.3153 7.65329 5.65118
68 561.693 20.6358 7.66623 5.68786
69 548.582 20.7384 7.64732 5.51715
70 439.028 21.7059 7.64011 5.45261
71 441.426 21.6822 7.63721 5.45218
72 521.319 20.9598 7.63985 5.54572
73 496.077 21.1753 7.63619 5.51438
74 516.671 20.9987 7.63851 5.55545
75 523.864 20.9386 7.63407 5.55347
76 557.163 20.671 7.64327 5.6041
77 774.85 19.2386 7.62742 5.59013
78 794.572 19.1295 7.62635 5.62753
79 816.608 19.0107 7.62796 5.61286
80 866.056 18.7553 7.63709 5.7067
81 868.06 18.7453 7.62797 5.68652
82 871.819 18.7265 7.62698 5.68571
83 743.061 19.4206 7.6417 5.7119
84 748.62 19.3882 7.65999 5.71155
85 901.174 18.5827 7.6426 5.66855
86 691.047 19.7357 7.66513 5.69562
87 577.951 20.5119 7.65303 5.66801
88 718.494 19.5666 7.6529 5.6642
89 579.456 20.5006 7.64849 5.62986
90 580.736 20.491 7.65268 5.67594
91 543.941 20.7753 7.64955 5.61742
92 711.866 19.6068 7.65121 5.61231
93 623.538 20.1822 7.65025 5.62377
94 605.991 20.3061 7.65178 5.58139
95 638.526 20.079 7.6549 5.62422
96 620.209 20.2054 7.64997 5.5879
97 641.485 20.0589 7.65673 5.60598
98 651.29 19.9931 7.65397 5.53851
99 624.332 20.1766 7.65603 5.54947
100 603.667 20.3228 7.66291 5.5427
101 631.491 20.1271 7.66737 5.5559
