10 635.978 20.0964 7.76099 5.80249
11 624.931 20.1725 7.75883 5.79506
12 807.709 19.0583 7.73836 5.85221
13 811.232 19.0394 7.7374 5.84875
14 837.29 18.902 7.73712 5.89617
15 841.097 18.8823 7.73028 5.89209
16 865.014 18.7606 7.73332 5.93782
17 856.849 18.8018 7.73064 5.92322
18 880.028 18.6858 7.7235 5.96455
19 880.608 18.683 7.72393 5.95448
20 714.817 19.5889 7.74268 5.962
21 705.122 19.6482 7.74082 5.94436
22 718.844 19.5645 7.74466 5.96475
23 712.593 19.6024 7.74125 5.94081
24 880.016 18.6859 7.7233 5.9853
25 861.871 18.7764 7.71344 5.95353
26 872.059 18.7253 7.71526 5.96492
27 849.703 18.8381 7.70614 5.93787
28 848.235 18.8456 7.71063 5.95224
29 832.402 18.9275 7.70865 5.92497
30 830.319 18.9384 7.71285 5.92883
31 741.122 19.4319 7.72216 5.89329
32 742.593 19.4233 7.72157 5.90835
33 734.949 19.4682 7.71625 5.87112
34 739.205 19.4432 7.71711 5.88612
35 730.924 19.4921 7.71282 5.85756
36 750.178 19.3792 7.71337 5.88297
37 737.696 19.452 7.71272 5.84768
38 755.264 19.3498 7.71023 5.86647
39 755.044 19.3511 7.70781 5.84097
40 773.08 19.2486 7.71343 5.86259
41 715.328 19.5858 7.71839 5.82394
42 714.772 19.5891 7.71596 5.84644
43 707.58 19.633 7.71631 5.81659
44 727.679 19.5114 7.71249 5.84601
45 662.635 19.9181 7.7143 5.8153
46 676.198 19.8301 7.71591 5.84575
47 646.52 20.025 7.71298 5.81932
48 646.314 20.0264 7.70699 5.84311
49 689.538 19.7452 7.70695 5.82308
50 717.346 19.5735 7.70573 5.85235
51 711.627 19.6083 7.69648 5.83146
52 826.617 18.9578 7.67023 5.88183
53 818.995 18.998 7.66581 5.85906
54 695.626 19.707 7.70045 5.87878
55 693.783 19.7186 7.69373 5.85457
56 719.92 19.558 7.69254 5.89595
57 728.515 19.5064 7.68818 5.88328
58 752.828 19.3638 7.6887 5.91598
59 735.969 19.4622 7.68446 5.89892
60 779.957 19.2101 7.67882 5.93433
61 769.561 19.2684 7.67527 5.90592
62 768.946 19.2718 7.67377 5.936
63 776.998 19.2266 7.66858 5.91354
64 773.771 19.2447 7.66325 5.92922
65 774.231 19.2421 7.66136 5.90869
66 699.248 19.6845 7.66603 5.89967
67 664.574 19.9054 7.65987 5.86917
68 674.96 19.838 7.66022 5.88853
69 695.773 19.7061 7.65675 5.88162
70 699.074 19.6856 7.65441 5.89811
71 640.242 20.0674 7.65146 5.8519
72 736 19.462 7.65717 5.89262
73 718.792 19.5648 7.65537 5.86973
74 744.091 19.4145 7.65816 5.88788
75 727.153 19.5145 7.64137 5.82342
76 660.459 19.9323 7.62947 5.84381
77 648.686 20.0105 7.62757 5.83541
78 677.403 19.8223 7.62817 5.86584
79 749.882 19.3809 7.62185 5.8515
80 769.6 19.2682 7.62337 5.90122
81 780.074 19.2094 7.61575 5.89772
82 804.489 19.0756 7.63364 5.92981
83 828.059 18.9502 7.63132 5.94404
84 837.712 18.8999 7.63129 5.97527
85 774.233 19.2421 7.63018 5.96712
86 790.904 19.1496 7.64123 6.03936
87 760.2 19.3215 7.63676 6.00818
88 759.038 19.3282 7.63844 6.00973
89 891.576 18.6292 7.64069 5.98594
90 758.532 19.3311 7.64787 6.03003
91 743.43 19.4184 7.64441 5.99524
92 740.942 19.433 7.64223 5.96777
93 697.306 19.6966 7.63957 5.9827
94 688.348 19.7527 7.63671 5.94575
95 708.297 19.6286 7.63031 5.97777
96 710.099 19.6176 7.63609 5.94701
97 770.309 19.2642 7.63751 5.95617
98 697.752 19.6938 7.63508 5.9147
99 756.423 19.3432 7.63919 5.91886
100 742.567 19.4234 7.64491 5.87182
101 728.99 19.5036 7.64902 5.84663
