4 483.315 21.2885 7.7499 4.99169
5 398.722 22.1241 7.76586 4.8765
6 405.725 22.0485 7.76627 4.9156
7 412.505 21.9765 7.75956 4.89691
8 437.998 21.7161 7.76544 4.94701
9 439.75 21.6987 7.76217 4.89081
10 454.466 21.5558 7.76112 4.90887
11 467.116 21.4366 7.76028 4.99713
12 692.042 19.7295 7.73935 5.47582
13 716.068 19.5813 7.74033 5.61786
14 726.695 19.5173 7.737 5.6765
15 720.059 19.5571 7.73716 5.67806
16 740.652 19.4347 7.73954 5.72423
17 729.262 19.502 7.73563 5.68084
18 739.703 19.4402 7.73138 5.70208
19 735.64 19.4642 7.72487 5.68169
20 530.25 20.886 7.75046 5.67992
21 554.886 20.6888 7.74419 5.66435
22 570.027 20.5719 7.74522 5.6646
23 510.638 21.0497 7.74241 5.629
24 532.084 20.871 7.74756 5.6658
25 548.72 20.7373 7.73973 5.63899
26 555.355 20.6851 7.73932 5.64185
27 604.209 20.3189 7.73476 5.63525
28 554.231 20.6939 7.73914 5.65942
29 490.095 21.228 7.73522 5.57398
30 482.978 21.2915 7.7337 5.56757
31 473.992 21.3731 7.73356 5.5271
32 486.532 21.2597 7.73491 5.56104
33 468.971 21.4193 7.72915 5.49837
34 472.694 21.385 7.73032 5.49175
35 520.022 20.9706 7.72896 5.48838
36 607.222 20.2973 7.73122 5.54584
37 600.988 20.3421 7.72844 5.4556
38 610.606 20.2732 7.72851 5.49221
39 619.451 20.2107 7.72672 5.51978
40 524.182 20.936 7.73154 5.54446
41 527.615 20.9076 7.72472 5.48029
42 451.554 21.5837 7.72315 5.45366
43 492.395 21.2077 7.7203 5.45913
44 461.146 21.4924 7.72085 5.50524
45 490.379 21.2255 7.71781 5.47561
46 468.685 21.422 7.71707 5.50236
47 473.814 21.3747 7.7154 5.49694
48 481.704 21.303 7.71569 5.52723
49 465.691 21.4498 7.71166 5.47676
50 468.832 21.4206 7.70995 5.47867
51 450.776 21.5912 7.70606 5.4313
52 520.452 20.967 7.7083 5.49936
53 571.547 20.5603 7.70117 5.45326
54 596.852 20.3721 7.69661 5.49567
55 586.193 20.4504 7.69534 5.50112
56 535.319 20.8447 7.69552 5.55296
57 570.894 20.5652 7.68731 5.51808
58 581.285 20.4869 7.68806 5.53601
59 599.845 20.3504 7.68665 5.52066
60 536.385 20.836 7.68737 5.54755
61 516.588 20.9994 7.68201 5.48666
62 522.748 20.9479 7.68147 5.50894
63 459.54 21.5076 7.67632 5.46394
64 500.241 21.139 7.67895 5.50644
65 509.97 21.0554 7.66645 5.59729
66 490.221 21.2269 7.66566 5.63355
67 489.989 21.2289 7.66477 5.62433
68 494.283 21.191 7.66379 5.65867
69 440.857 21.6878 7.64281 5.47791
70 442.996 21.6668 7.64043 5.4545
71 443.988 21.6571 7.63737 5.45404
72 625.502 20.1685 7.64321 5.56086
73 602.87 20.3286 7.63696 5.53316
74 618.643 20.2164 7.64041 5.5703
75 611.85 20.2644 7.63107 5.5663
76 557.163 20.671 7.64327 5.6041
77 532.829 20.8649 7.64085 5.57806
78 487.211 21.2536 7.64465 5.58966
79 558.036 20.6642 7.64448 5.6049
80 527.97 20.9047 7.64701 5.67479
81 524.674 20.9319 7.64131 5.65591
82 595.938 20.3788 7.64253 5.6805
83 531.493 20.8758 7.63989 5.67628
84 533.362 20.8606 7.64647 5.67695
85 593.916 20.3936 7.64693 5.66958
86 603.221 20.326 7.64786 5.68312
87 577.951 20.5119 7.65303 5.66801
88 586.645 20.447 7.6504 5.65784
89 694.519 19.714 7.65088 5.63197
90 580.736 20.491 7.65268 5.67594
91 586.989 20.4445 7.65504 5.63099
92 583.248 20.4723 7.64994 5.60609
93 511.969 21.0384 7.64843 5.59048
94 570.24 20.5702 7.65138 5.57806
95 601.844 20.336 7.65415 5.62022
96 507.141 21.0795 7.64947 5.55434
97 579.92 20.4971 7.65664 5.57863
98 572.64 20.552 7.65427 5.51315
99 578.926 20.5046 7.65807 5.52559
100 570.082 20.5714 7.66427 5.51632
101 575.67 20.5291 7.66778 5.52999
