4.67619e-310 0 0 4.67619e-310 4.67619e-310 0 0 4.67619e-310 4.67619e-310 0 0 4.67619e-310
4.67619e-310 0 0 4.67619e-310 4.67619e-310 0 0 4.67619e-310 4.67619e-310 0 0 4.67619e-310
4.67619e-310 0 0 4.67619e-310 4.67619e-310 0 0 4.67619e-310 4.67619e-310 0 0 4.67619e-310
4.67619e-310 0 0 4.67619e-310 4.67619e-310 0 0 4.67619e-310 4.67619e-310 0 0 4.67619e-310
4.67619e-310 0 0 4.67619e-310 4.67619e-310 0 0 4.67619e-310 4.67619e-310 0 0 4.67619e-310
4.67619e-310 0 0 4.67619e-310 4.67619e-310 0 0 4.67619e-310 4.67619e-310 0 0 4.67619e-310
4.67619e-310 0 0 4.67619e-310 4.67619e-310 0 0 4.67619e-310 4.67619e-310 0 0 4.67619e-310
4.67619e-310 0 0 4.67619e-310 4.67619e-310 0 0 4.67619e-310 4.67619e-310 0 0 4.67619e-310
4.67619e-310 0 0 4.67619e-310 4.67619e-310 0 0 4.67619e-310 4.67619e-310 0 0 4.67619e-310
4.67619e-310 0 0 4.67619e-310 4.67619e-310 0 0 4.67619e-310 4.67619e-310 0 0 4.67619e-310
4.67619e-310 0 0 4.67619e-310 4.67619e-310 0 0 4.67619e-310 4.67619e-310 0 0 4.67619e-310
4.67619e-310 0 0 4.67619e-310 4.67619e-310 0 0 4.67619e-310 4.67619e-310 0 0 4.67619e-310
4.67619e-310 0 0 4.67619e-310 4.67619e-310 0 0 4.67619e-310 4.67619e-310 0 0 4.67619e-310
4.67619e-310 0 0 4.67619e-310 4.67619e-310 0 0 4.67619e-310 4.67619e-310 0 0 4.67619e-310
4.67619e-310 0 0 4.67619e-310 4.67619e-310 0 0 4.67619e-310 4.67619e-310 0 0 4.67619e-310
4.67619e-310 0 0 4.67619e-310 4.67619e-310 0 0 4.67619e-310 4.67619e-310 0 0 4.67619e-310
4.67619e-310 0 0 4.67619e-310 4.67619e-310 0 0 4.67619e-310 4.67619e-310 0 0 4.67619e-310
4.67619e-310 0 0 4.67619e-310 4.67619e-310 0 0 4.67619e-310 4.67619e-310 0 0 4.67619e-310
4.67619e-310 0 0 4.67619e-310 4.67619e-310 0 0 4.67619e-310 4.67619e-310 0 0 4.67619e-310
4.67619e-310 0 0 4.67619e-310 4.67619e-310 0 0 4.67619e-310 4.67619e-310 0 0 4.67619e-310
4.67619e-310 0 0 4.67619e-310 4.67619e-310 0 0 4.67619e-310 4.67619e-310 0 0 4.67619e-310
4.67619e-310 0 0 4.67619e-310 4.67619e-310 0 0 4.67619e-310 4.67619e-310 0 0 4.67619e-310
4.67619e-310 0 0 4.67619e-310 4.67619e-310 0 0 4.67619e-310 4.67619e-310 0 0 4.67619e-310
4.67619e-310 0 0 4.67619e-310 4.67619e-310 0 0 4.67619e-310 4.67619e-310 0 0 4.67619e-310
4.67619e-310 0 0 4.67619e-310 4.67619e-310 0 0 4.67619e-310 4.67619e-310 0 0 4.67619e-310
4.67619e-310 0 0 4.67619e-310 4.67619e-310 0 0 4.67619e-310 4.67619e-310 0 0 4.67619e-310
4.67619e-310 0 0 4.67619e-310 4.67619e-310 0 0 4.67619e-310 4.67619e-310 0 0 4.67619e-310
4.67619e-310 0 0 4.67619e-310 4.67619e-310 0 0 4.67619e-310 4.67619e-310 0 0 4.67619e-310
4.67619e-310 0 0 4.67619e-310 4.67619e-310 0 0 4.67619e-310 4.67619e-310 0 0 4.67619e-310
4.67619e-310 0 0 4.67619e-310 4.67619e-310 0 0 4.67619e-310 4.67619e-310 0 0 4.67619e-310
4.67619e-310 0 0 4.67619e-310 4.67619e-310 0 0 4.67619e-310 4.67619e-310 0 0 4.67619e-310
4.67619e-310 0 0 4.67619e-310 4.67619e-310 0 0 4.67619e-310 4.67619e-310 0 0 4.67619e-310
4.67619e-310 0 0 4.67619e-310 4.67619e-310 0 0 4.67619e-310 4.67619e-310 0 0 4.67619e-310
4.67619e-310 0 0 4.67619e-310 4.67619e-310 0 0 4.67619e-310 4.67619e-310 0 0 4.67619e-310
4.67619e-310 0 0 4.67619e-310 4.67619e-310 0 0 4.67619e-310 4.67619e-310 0 0 4.67619e-310
4.67619e-310 0 0 4.67619e-310 4.67619e-310 0 0 4.67619e-310 4.67619e-310 0 0 4.67619e-310
4.67619e-310 0 0 4.67619e-310 4.67619e-310 0 0 4.67619e-310 4.67619e-310 0 0 4.67619e-310
4.67619e-310 0 0 4.67619e-310 4.67619e-310 0 0 4.67619e-310 4.67619e-310 0 0 4.67619e-310
4.67619e-310 0 0 4.67619e-310 4.67619e-310 0 0 4.67619e-310 4.67619e-310 0 0 4.67619e-310
4.67619e-310 0 0 4.67619e-310 4.67619e-310 0 0 4.67619e-310 4.67619e-310 0 0 4.67619e-310
4.67619e-310 0 0 4.67619e-310 4.67619e-310 0 0 4.67619e-310 4.67619e-310 0 0 4.67619e-310
4.67619e-310 0 0 4.67619e-310 4.67619e-310 0 0 4.67619e-310 4.67619e-310 0 0 4.67619e-310
4.67619e-310 0 0 4.67619e-310 4.67619e-310 0 0 4.67619e-310 4.67619e-310 0 0 4.67619e-310
4.67619e-310 0 0 4.67619e-310 4.67619e-310 0 0 4.67619e-310 4.67619e-310 0 0 4.67619e-310
4.67619e-310 0 0 4.67619e-310 4.67619e-310 0 0 4.67619e-310 4.67619e-310 0 0 4.67619e-310
4.67619e-310 0 0 4.67619e-310 4.67619e-310 0 0 4.67619e-310 4.67619e-310 0 0 4.67619e-310
4.67619e-310 0 0 4.67619e-310 4.67619e-310 0 0 4.67619e-310 4.67619e-310 0 0 4.67619e-310
4.67619e-310 0 0 4.67619e-310 4.67619e-310 0 0 4.67619e-310 4.67619e-310 0 0 4.67619e-310
4.67619e-310 0 0 4.67619e-310 4.67619e-310 0 0 4.67619e-310 4.67619e-310 0 0 4.67619e-310
4.67619e-310 0 0 4.67619e-310 4.67619e-310 0 0 4.67619e-310 4.67619e-310 0 0 4.67619e-310
4.67619e-310 0 0 4.67619e-310 4.67619e-310 0 0 4.67619e-310 4.67619e-310 0 0 4.67619e-310
4.67619e-310 0 0 4.67619e-310 4.67619e-310 0 0 4.67619e-310 4.67619e-310 0 0 4.67619e-310
4.67619e-310 0 0 4.67619e-310 4.67619e-310 0 0 4.67619e-310 4.67619e-310 0 0 4.67619e-310
4.67619e-310 0 0 4.67619e-310 4.67619e-310 0 0 4.67619e-310 4.67619e-310 0 0 4.67619e-310
4.67619e-310 0 0 4.67619e-310 4.67619e-310 0 0 4.67619e-310 4.67619e-310 0 0 4.67619e-310
4.67619e-310 0 0 4.67619e-310 4.67619e-310 0 0 4.67619e-310 4.67619e-310 0 0 4.67619e-310
4.67619e-310 0 0 4.67619e-310 4.67619e-310 0 0 4.67619e-310 4.67619e-310 0 0 4.67619e-310
4.67619e-310 0 0 4.67619e-310 4.67619e-310 0 0 4.67619e-310 4.67619e-310 0 0 4.67619e-310
4.67619e-310 0 0 4.67619e-310 4.67619e-310 0 0 4.67619e-310 4.67619e-310 0 0 4.67619e-310
4.67619e-310 0 0 4.67619e-310 4.67619e-310 0 0 4.67619e-310 4.67619e-310 0 0 4.67619e-310
4.67619e-310 0 0 4.67619e-310 4.67619e-310 0 0 4.67619e-310 4.67619e-310 0 0 4.67619e-310
4.67619e-310 0 0 4.67619e-310 4.67619e-310 0 0 4.67619e-310 4.67619e-310 0 0 4.67619e-310
4.67619e-310 0 0 4.67619e-310 4.67619e-310 0 0 4.67619e-310 4.67619e-310 0 0 4.67619e-310
4.67619e-310 0 0 4.67619e-310 4.67619e-310 0 0 4.67619e-310 4.67619e-310 0 0 4.67619e-310
4.67619e-310 0 0 4.67619e-310 4.67619e-310 0 0 4.67619e-310 4.67619e-310 0 0 4.67619e-310
4.67619e-310 0 0 4.67619e-310 4.67619e-310 0 0 4.67619e-310 4.67619e-310 0 0 4.67619e-310
4.67619e-310 0 0 4.67619e-310 4.67619e-310 0 0 4.67619e-310 4.67619e-310 0 0 4.67619e-310
4.67619e-310 0 0 4.67619e-310 4.67619e-310 0 0 4.67619e-310 4.67619e-310 0 0 4.67619e-310
4.67619e-310 0 0 4.67619e-310 4.67619e-310 0 0 4.67619e-310 4.67619e-310 0 0 4.67619e-310
4.67619e-310 0 0 4.67619e-310 4.67619e-310 0 0 4.67619e-310 4.67619e-310 0 0 4.67619e-310
4.67619e-310 0 0 4.67619e-310 4.67619e-310 0 0 4.67619e-310 4.67619e-310 0 0 4.67619e-310
4.67619e-310 0 0 4.67619e-310 4.67619e-310 0 0 4.67619e-310 4.67619e-310 0 0 4.67619e-310
4.67619e-310 0 0 4.67619e-310 4.67619e-310 0 0 4.67619e-310 4.67619e-310 0 0 4.67619e-310
4.67619e-310 0 0 4.67619e-310 4.67619e-310 0 0 4.67619e-310 4.67619e-310 0 0 4.67619e-310
4.67619e-310 0 0 4.67619e-310 4.67619e-310 0 0 4.67619e-310 4.67619e-310 0 0 4.67619e-310
4.67619e-310 0 0 4.67619e-310 4.67619e-310 0 0 4.67619e-310 4.67619e-310 0 0 4.67619e-310
4.67619e-310 0 0 4.67619e-310 4.67619e-310 0 0 4.67619e-310 4.67619e-310 0 0 4.67619e-310
4.67619e-310 0 0 4.67619e-310 4.67619e-310 0 0 4.67619e-310 4.67619e-310 0 0 4.67619e-310
4.67619e-310 0 0 4.67619e-310 4.67619e-310 0 0 4.67619e-310 4.67619e-310 0 0 4.67619e-310
4.67619e-310 0 0 4.67619e-310 4.67619e-310 0 0 4.67619e-310 4.67619e-310 0 0 4.67619e-310
4.67619e-310 0 0 4.67619e-310 4.67619e-310 0 0 4.67619e-310 4.67619e-310 0 0 4.67619e-310
4.67619e-310 0 0 4.67619e-310 4.67619e-310 0 0 4.67619e-310 4.67619e-310 0 0 4.67619e-310
4.67619e-310 0 0 4.67619e-310 4.67619e-310 0 0 4.67619e-310 4.67619e-310 0 0 4.67619e-310
4.67619e-310 0 0 4.67619e-310 4.67619e-310 0 0 4.67619e-310 4.67619e-310 0 0 4.67619e-310
4.67619e-310 0 0 4.67619e-310 4.67619e-310 0 0 4.67619e-310 4.67619e-310 0 0 4.67619e-310
4.67619e-310 0 0 4.67619e-310 4.67619e-310 0 0 4.67619e-310 4.67619e-310 0 0 4.67619e-310
4.67619e-310 0 0 4.67619e-310 4.67619e-310 0 0 4.67619e-310 4.67619e-310 0 0 4.67619e-310
4.67619e-310 0 0 4.67619e-310 4.67619e-310 0 0 4.67619e-310 4.67619e-310 0 0 4.67619e-310
4.67619e-310 0 0 4.67619e-310 4.67619e-310 0 0 4.67619e-310 4.67619e-310 0 0 4.67619e-310
4.67619e-310 0 0 4.67619e-310 4.67619e-310 0 0 4.67619e-310 4.67619e-310 0 0 4.67619e-310
4.67619e-310 0 0 4.67619e-310 4.67619e-310 0 0 4.67619e-310 4.67619e-310 0 0 4.67619e-310
4.67619e-310 0 0 4.67619e-310 4.67619e-310 0 0 4.67619e-310 4.67619e-310 0 0 4.67619e-310
4.67619e-310 0 0 4.67619e-310 4.67619e-310 0 0 4.67619e-310 4.67619e-310 0 0 4.67619e-310
4.67619e-310 0 0 4.67619e-310 4.67619e-310 0 0 4.67619e-310 4.67619e-310 0 0 4.67619e-310
4.67619e-310 0 0 4.67619e-310 4.67619e-310 0 0 4.67619e-310 4.67619e-310 0 0 4.67619e-310
4.67619e-310 0 0 4.67619e-310 4.67619e-310 0 0 4.67619e-310 4.67619e-310 0 0 4.67619e-310
4.67619e-310 0 0 4.67619e-310 4.67619e-310 0 0 4.67619e-310 4.67619e-310 0 0 4.67619e-310
4.67619e-310 0 0 4.67619e-310 4.67619e-310 0 0 4.67619e-310 4.67619e-310 0 0 4.67619e-310
